1000
389
863
230
103
254
979
124
822
51
251
790
325
136
456
324
79
180
576
4
389
110
898
164
129
847
463
289
46
16
459
133
405
322
363
509
928
694
633
750
97
236
892
422
372
348
98
803
880
675
159
621
137
410
786
267
257
249
556
303
265
367
788
23
42
504
532
970
198
517
721
648
753
965
70
477
666
521
281
546
548
440
168
685
850
306
304
459
907
861
762
524
580
903
547
622
407
79
945
957
948
18
605
701
983
28
179
649
549
812
548
97
604
68
782
455
374
87
914
281
300
29
805
880
932
705
855
691
136
800
648
85
818
254
138
801
282
317
803
183
481
351
280
86
771
414
893
145
853
159
778
505
188
935
386
472
640
593
515
129
393
164
214
211
770
352
364
404
22
167
587
503
870
219
589
993
633
482
138
839
642
268
344
182
556
82
7
548
675
522
677
420
38
891
631
808
596
348
212
618
867
151
121
90
370
63
83
356
897
574
195
891
842
539
426
750
974
433
299
649
307
976
70
346
220
53
506
816
753
71
434
621
222
907
711
593
322
794
949
220
720
496
463
915
35
889
665
9
674
316
11
982
293
433
680
865
486
186
33
240
257
819
213
832
78
924
425
401
70
726
973
143
222
436
58
609
678
723
971
352
40
334
334
685
767
14
902
253
553
935
845
162
754
58
994
832
334
771
585
757
849
558
900
423
347
958
33
25
681
356
377
73
690
64
110
457
430
12
62
335
947
260
498
53
318
492
238
5
616
823
762
465
734
662
889
433
972
274
458
5
630
187
79
672
603
189
129
34
554
543
721
501
803
219
907
474
64
145
479
680
320
593
145
406
255
386
839
227
660
649
584
642
189
663
314
792
205
795
178
759
339
252
612
494
471
519
968
535
16
799
567
689
392
65
95
999
451
287
578
464
936
163
106
477
826
421
622
383
568
152
142
259
404
107
754
876
626
74
763
995
226
331
684
618
396
131
618
199
418
548
663
707
711
122
184
890
895
158
273
463
311
768
723
715
875
829
943
853
255
707
200
481
390
236
100
138
368
70
337
138
618
353
845
682
475
382
572
370
540
197
833
851
965
908
919
192
89
862
398
345
921
598
826
663
835
278
801
555
348
491
693
319
844
539
353
319
273
925
41
813
122
226
17
440
135
288
984
224
150
382
569
424
333
748
87
168
26
889
723
727
732
768
398
576
307
751
247
932
28
288
746
502
866
115
942
1
403
279
578
905
661
499
329
994
247
769
514
626
10
589
705
742
358
103
670
17
854
917
950
234
557
48
736
423
163
679
777
566
310
707
823
971
206
153
318
806
922
832
784
932
774
489
26
132
592
696
149
798
965
99
384
522
499
120
297
662
151
426
580
461
133
404
785
692
909
103
850
831
287
634
115
61
475
493
545
419
189
695
569
154
146
953
28
646
73
677
660
225
104
241
38
589
997
823
633
906
926
483
89
566
469
204
979
944
49
525
715
238
572
284
744
70
237
772
68
311
801
729
888
905
322
926
847
319
102
480
225
28
316
314
946
785
870
926
82
919
803
797
509
375
82
253
445
671
377
514
334
178
595
222
436
917
501
283
588
603
115
813
983
431
479
282
569
701
208
3
972
11
800
833
738
234
86
183
906
815
49
592
345
644
815
781
913
668
416
501
623
532
666
606
963
497
888
884
198
448
887
522
811
688
355
549
274
793
85
532
960
134
125
306
131
292
87
44
312
504
898
935
36
564
893
351
62
134
236
612
582
123
135
746
163
842
295
790
988
732
322
948
219
799
254
350
91
694
746
403
550
644
338
938
209
232
289
623
366
877
235
300
353
722
46
516
565
694
306
553
426
981
853
645
780
108
347
872
154
446
627
704
90
966
642
651
550
283
626
268
513
862
920
866
936
967
382
501
13
41
406
791
22
260
789
154
720
488
26
226
934
654
930
377
972
924
380
874
559
7
494
72
221
414
938
157
733
673
11
746
66
417
538
440
29
679
594
101
167
621
679
102
627
609
479
951
885
859
177
445
218
671
869
439
85
808
597
819
833
608
565
899
377
455
339
759
134
933
212
654
906
892
756
885
853
587
188
91
446
365
888
665
36
757
456
122
917
53
293
750
13
210
649
743
18
340
502
152
626
66
158
532
310
914
770
164
501
958
255
300
676
143
317
712
252
773
186
170
179
479
920
192
42
922
935
60
614
789
564
240
856
723
773
166
989
895
682
491
853
289
143
529
784
812
594
37
585
780
207
764
612
479
309
6
753
596
66
368
386
630
608
594
705
733
112
